0.000000000000000000e+00 0.000000000000000000e+00 0.000000000000000000e+00 0.000000000000000000e+00 0.000000000000000000e+00 0.000000000000000000e+00 0.000000000000000000e+00 0.000000000000000000e+00 0.000000000000000000e+00 0.000000000000000000e+00 0.000000000000000000e+00 0.000000000000000000e+00 0.000000000000000000e+00 0.000000000000000000e+00 0.000000000000000000e+00 1.323107799562858245e-320 1.935675535218209030e-316 2.405422165428110264e-312 2.538937870227151242e-308 2.276223230610568738e-304 1.733323567952059641e-300 1.121105403823576444e-296 6.159071738669763681e-293 2.873995556251988093e-289 1.139092349255838241e-285 3.834721165180423278e-282 1.096505107676776901e-278 2.663112668196001294e-275 5.493769512694131909e-272 9.626165903850060978e-269 1.432643925446805247e-265 1.811028129471062647e-262 1.944527736351239830e-259 1.773393455497624941e-256 1.373719533072888996e-253 9.038431244419256164e-251 5.051147570816107603e-248 2.397668114102673387e-245 9.666963787497877256e-243 3.310496466345487988e-240 9.629376742989062897e-238 2.379059157750342336e-235 4.992456817770865832e-233 8.898676234210267431e-231 1.347219956821102382e-228 1.732421728753410238e-226 1.892216171508386428e-224 1.755455765008643061e-222 1.383283013285555025e-220 9.258363123219327101e-219 5.263315329071047825e-217 2.541479330856951106e-215 1.042355320159622865e-213 3.631173544613954108e-212 1.074435221942113937e-210 2.700321541890160831e-209 5.764381798092771674e-208 1.045182208137788620e-206 1.609656809873191855e-205 2.105603468119164226e-204 2.339493787127024096e-203 2.207848239673531885e-202 1.769777025338314955e-201 1.204952426900242634e-200 6.968242587522611949e-200 3.422777237934942853e-199 1.428025694732254594e-198 5.060523214446450676e-198 1.523199659755095253e-197 3.894217997238772461e-197 8.456403514150172210e-197 1.559743374291544384e-196 2.443557786059400549e-196 3.251577361193560371e-196 3.675086635159221973e-196 3.528117859786954986e-196 2.876872407490449435e-196 1.992508257999986845e-196 1.172145898169757429e-196 5.856865181456720561e-197 2.485711921319134279e-197 8.960626517390948643e-198 2.743645332907505014e-198 7.135420584384873077e-199 1.576206799758545294e-199 2.957391562518522249e-200 4.713098054543775335e-201 6.379786332882966923e-202 7.335129836254664541e-203 7.163272788972461897e-204 5.941788483071884637e-205 4.186247470547944365e-206 2.505155113598561998e-207 1.273345793581027932e-208 5.497435053517098901e-210 2.015931957869537132e-211 6.279045713639580528e-213 1.661167528118588238e-214 3.732804407634201896e-216 7.124576406741285517e-218
0.000000000000000000e+00 0.000000000000000000e+00 0.000000000000000000e+00 0.000000000000000000e+00 0.000000000000000000e+00 0.000000000000000000e+00 0.000000000000000000e+00 0.000000000000000000e+00 0.000000000000000000e+00 0.000000000000000000e+00 0.000000000000000000e+00 0.000000000000000000e+00 0.000000000000000000e+00 4.940656458412465442e-324 1.300627812677081528e-319 2.240280311067180029e-315 3.277623775868993962e-311 4.073032291848214594e-307 4.299110601485810850e-303 3.854263444891102130e-299 2.934987033030951860e-295 1.898335592800370155e-291 1.042897934507466795e-287 4.866454161558751362e-284 1.928792371086664164e-280 6.493223252246907538e-277 1.856680617621739707e-273 4.509372221766215673e-270 9.302442186988143299e-267 1.629971035297548874e-263 2.425854827038981940e-260 3.066561936114446905e-257 3.292612987604497552e-254 3.002836223185444468e-251 2.326079845180859977e-248 1.530451612831588330e-245 8.552963160702317595e-243 4.059902579365237150e-240 1.636879223802879240e-237 5.605568620461708984e-235 1.630514717470477353e-232 4.028392567846233171e-230 8.453583793611539491e-228 1.506787298196489680e-225 2.281208873529732370e-223 2.933459974608131066e-221 3.204035316747154903e-219 2.972462846880472609e-217 2.342273411652691424e-215 1.567692046433434914e-213 8.912220734313479305e-212 4.303413983803651365e-210 1.764990337086291644e-208 6.148561910295191972e-207 1.819310313744638228e-205 4.572376939307254886e-204 9.760662200440269158e-203 1.769777025338358830e-201 2.725585662110175868e-200 3.565357899642701166e-199 3.961397661711250048e-198 3.738486035817436488e-197 2.996712625826194350e-196 2.040311349686327678e-195 1.179912511173941861e-194 5.795690427357300956e-194 2.418034909561735743e-193 8.568838668882183933e-193 2.579190252043010055e-192 6.593967529787651725e-192 1.431898528295704030e-191 2.641068674679348434e-191 4.137606243374243026e-191 5.505802591304781592e-191 6.222918685748810679e-191 5.974060677957633642e-191 4.871325451165007153e-191 3.373857027367665887e-191 1.984760996478764127e-191 9.917261658246479273e-192 4.208984630343348583e-192 1.517277161785128391e-192 4.645735870789322241e-193 1.208220281406279569e-193 2.668945720349482217e-194 5.007666224629029506e-195 7.980553620368229878e-196 1.080270903063003972e-196 1.242036475650190135e-197 1.212936415244030507e-198 1.006105984668118351e-199 7.088452652630556863e-201 4.241907229606376173e-202 2.156119873879306293e-203 9.308648942024172866e-205 3.413519705850694420e-206 1.063212783237852906e-207 2.812807282416748614e-209 6.320650532774720781e-211 1.206384067940064621e-212
0.000000000000000000e+00 0.000000000000000000e+00 0.000000000000000000e+00 0.000000000000000000e+00 0.000000000000000000e+00 0.000000000000000000e+00 0.000000000000000000e+00 0.000000000000000000e+00 0.000000000000000000e+00 0.000000000000000000e+00 0.000000000000000000e+00 0.000000000000000000e+00 3.952525166729972353e-323 9.224106794726904730e-319 1.870579600836513545e-314 3.222039943007170542e-310 4.713979168196210241e-306 5.857960122366741326e-302 6.183112890008602664e-298 5.543320048420901373e-294 4.221188482489819185e-290 2.730244546243928737e-286 1.499927836140772047e-282 6.999083820865322030e-279 2.774048420083562783e-275 9.338753084136940916e-272 2.670335081744233621e-268 6.485517609296482506e-265 1.337905802540819909e-261 2.344274398338529467e-258 3.488938908706004555e-255 4.410423548686074864e-252 4.735537112823055501e-249 4.318771271375478069e-246 3.345439465771432259e-243 2.201142508769829709e-240 1.230113427377980629e-237 5.839076566668605881e-235 2.354209967192970000e-232 8.062100933394404246e-230 2.345056338735768637e-227 5.793757900449565396e-225 1.215820381615270468e-222 2.167107764745582316e-220 3.280904656383785718e-218 4.218992220171125286e-216 4.608141986432101411e-214 4.275087348826603446e-212 3.368729550365344876e-210 2.254702844006031090e-208 1.281782954871892296e-206 6.189302146612254962e-205 2.538463304527965181e-203 8.843050557811427272e-202 2.616587963089926879e-200 6.576132928898800705e-199 1.403808412040016565e-197 2.545347666568239445e-196 3.920021000248667974e-195 5.127807221139142802e-194 5.697403769075283957e-193 5.376805423240573896e-192 4.309964125601625400e-191 2.934438439782489566e-190 1.696986407932984787e-189 8.335539954591390832e-189 3.477692063245538104e-188 1.232396691717084573e-187 3.709470625780156119e-187 9.483646597888714895e-187 2.059400436087789300e-186 3.798466073462733501e-186 5.950832362476448812e-186 7.918614366509621299e-186 8.949992755718094039e-186 8.592077526641714358e-186 7.006089859171244440e-186 4.852384785763221937e-186 2.854544215883362396e-186 1.426331026968678518e-186 6.053490950600273332e-187 2.182194608695800335e-187 6.681639996962428818e-188 1.737699512394748652e-188 3.838559696631858429e-189 7.202179346505622184e-190 1.147787729453847103e-190 1.553678787217435232e-191 1.786335001430154289e-192 1.744482400909672267e-193 1.447012524024446620e-194 1.019483028688493863e-195 6.100841243892439223e-197 3.100997815682938028e-198 1.338798477110651462e-199 4.909428867973139048e-201 1.529145275440894687e-202 4.045465813094054944e-204 9.090553699393609349e-206 1.735058613798690978e-207
0.000000000000000000e+00 0.000000000000000000e+00 0.000000000000000000e+00 0.000000000000000000e+00 0.000000000000000000e+00 0.000000000000000000e+00 0.000000000000000000e+00 0.000000000000000000e+00 0.000000000000000000e+00 0.000000000000000000e+00 0.000000000000000000e+00 1.679823195860238250e-322 4.719581844524341263e-318 1.126818715025453022e-313 2.285108177805664015e-309 3.936058010957269324e-305 5.758617458710688615e-301 7.156109568893203138e-297 7.553317604330279471e-293 6.771743885807705819e-289 5.156622213304309739e-285 3.335278614853546720e-281 1.832318369644283282e-277 8.550111243117173001e-274 3.388789617692492197e-270 1.140826139320369240e-266 3.262092952401422226e-263 7.922736524939138690e-260 1.634391548567237036e-256 2.863775803117602726e-253 4.262102948523922312e-250 5.387792593383653814e-247 5.784952737648625115e-244 5.275829772713542237e-241 4.086803404781032075e-238 2.688925264165399852e-235 1.502711914147863850e-232 7.133041335104755121e-230 2.875913137252088327e-227 9.848697572140042625e-225 2.864731024908481981e-222 7.077679855305448251e-220 1.485251467266256373e-217 2.647348272806785893e-215 4.007967400892522205e-213 5.153939249701571257e-211 5.629326297052724021e-209 5.222465302893202922e-207 4.115254673437925917e-205 2.754354802689136332e-203 1.565831633708191415e-201 7.560878427121923011e-200 3.100997815682905353e-198 1.080270903062984723e-196 3.196435238441579496e-195 8.033432593561823564e-194 1.714898463022246101e-192 3.109407782299787863e-191 4.788714706853986467e-190 6.264151608428473666e-189 6.959973229257043272e-188 6.568328895312315303e-187 5.265070925123190462e-186 3.584722763488428060e-185 2.073045978193612524e-184 1.018273186995393233e-183 4.248363753183174704e-183 1.505501159797213452e-182 4.531505453462992756e-182 1.158526393992138875e-181 2.515772531567947673e-181 4.640222679501725181e-181 7.269562701425814018e-181 9.673413757835588629e-181 1.093335008481462290e-180 1.049611928396525338e-180 8.558669849989489596e-181 5.927694363225310753e-181 3.487123632015875340e-181 1.742412187397409028e-181 7.394970879265227627e-182 2.665778427007448746e-182 8.162320486887213592e-183 2.122781283715027763e-183 4.689201223981173505e-184 8.798213620749397931e-185 1.402142483428919119e-185 1.897980765307949068e-186 2.182194608695712305e-187 2.131067289831909603e-188 1.767676794169778974e-189 1.245404902820404192e-190 7.452814203535087969e-192 3.788192421658193069e-193 1.635482043705073196e-194 5.997379662207201000e-196 1.868010520595575617e-197 4.941958635938332349e-199 1.110505994507953355e-200 2.119555150501596224e-202
0.000000000000000000e+00 0.000000000000000000e+00 0.000000000000000000e+00 0.000000000000000000e+00 0.000000000000000000e+00 0.000000000000000000e+00 0.000000000000000000e+00 0.000000000000000000e+00 0.000000000000000000e+00 0.000000000000000000e+00 5.286502410501338023e-322 1.742156988067799120e-317 4.897065747756669966e-313 1.169194153467869855e-308 2.371042551838517667e-304 4.084078434941491380e-300 5.975177528564433341e-296 7.425224091472991490e-292 7.837369635872503278e-288 7.026403852276554320e-284 5.350543492974201534e-280 3.460705972199853367e-276 1.901225012075313634e-272 8.871648956178132703e-269 3.516229323765873169e-265 1.183728344614191862e-261 3.384768070640588640e-258 8.220681020744869843e-255 1.695854903350545932e-251 2.971471702769785361e-248 4.422384703454531656e-245 5.590407326650184658e-242 6.002503178869683156e-239 5.474234002948886922e-236 4.240492799355968119e-233 2.790045688853156910e-230 1.559223290260486615e-227 7.401288347669085671e-225 2.984065476656841446e-222 1.021907026132863614e-219 2.972462846880430339e-217 7.343844929623575305e-215 1.541106221260207592e-212 2.746905142315285880e-210 4.158692068146795369e-208 5.347759633142568574e-206 5.841024209765301895e-204 5.418862694960382935e-202 4.270014013841342848e-200 2.857935787664982543e-198 1.624716706454623006e-196 7.845214792937719586e-195 3.217614748201106517e-193 1.120895852350841499e-191 3.316641215567704285e-190 8.335539954590909217e-189 1.779389381824712589e-187 3.226340982215689713e-186 4.968800360895354468e-185 6.499722927346998966e-184 7.221711797501089130e-183 6.815339184603120120e-182 5.463070555330418105e-181 3.719530782537009326e-180 2.151005485847407630e-179 1.056566634005379218e-178 4.408128828350965980e-178 1.562117429009090378e-177 4.701918429247685447e-177 1.202094239678925844e-176 2.610381329439801368e-176 4.814724103639526950e-176 7.542943772093325560e-176 1.003719467819387245e-175 1.134451249924473820e-175 1.089083908287991729e-175 8.880529420252356537e-176 6.150612783241203320e-176 3.618261312674920523e-176 1.807937794493610118e-176 7.673068082571841992e-177 2.766028385700935987e-177 8.469274839643388544e-178 2.202611150237968319e-178 4.865544548035032720e-179 9.129081536522405806e-180 1.454871819303967079e-180 1.969356724913395581e-181 2.264258788211365791e-182 2.211208762061661793e-183 1.834152508656630574e-184 1.292239924365899922e-185 7.733086677978267451e-187 3.930652173731636460e-188 1.696986407932909236e-189 6.222918685748767073e-191 1.938259411362888405e-192 5.127807221138978548e-194 1.152267972529234995e-195 2.199263694217618667e-197
0.000000000000000000e+00 0.000000000000000000e+00 0.000000000000000000e+00 0.000000000000000000e+00 0.000000000000000000e+00 0.000000000000000000e+00 0.000000000000000000e+00 0.000000000000000000e+00 0.000000000000000000e+00 1.190698206477404171e-321 4.639542715832413482e-317 1.535401088648726366e-312 4.315891631643699015e-308 1.030436494554095725e-303 2.089651892552181004e-299 3.599388051593379914e-295 5.266055230100445655e-291 6.544013123399789879e-287 6.907246046484016067e-283 6.192524084546932025e-279 4.715551531374530813e-275 3.049996204735586682e-271 1.675591372904766421e-267 7.818779134504040552e-264 3.098930154314352245e-260 1.043245796526376506e-256 2.983070463741729802e-253 7.245066791292770827e-250 1.494594184120621110e-246 2.618823294648753260e-243 3.897544798595821516e-240 4.926948797782585513e-237 5.290137926056833308e-234 4.824562695285919866e-231 3.737239467363044526e-228 2.458928562668885836e-225 1.374177741718643824e-222 6.522918026519013425e-220 2.629922464259629907e-217 9.006291133472434010e-215 2.619696811728822215e-212 6.472291880168165424e-210 1.358210770778128221e-207 2.420907851210672717e-205 3.665146685792821067e-203 4.713098054543733273e-201 5.147822962904992098e-199 4.775762745052404062e-197 3.763257162267747552e-195 2.518761598291836367e-193 1.431898528295697801e-191 6.914160155763070594e-190 2.835754568330571505e-188 9.878701406698119605e-187 2.923028769624391716e-185 7.346294493132956456e-184 1.568214955245773726e-182 2.843445190082293285e-181 4.379112922207095080e-180 5.728348614268347393e-179 6.364653267573387721e-178 6.006508155852318317e-177 4.814724103639703698e-176 3.278104196446286346e-175 1.895728392097319786e-174 9.311753872341287318e-174 3.884980782666603039e-173 1.376728409781787036e-172 4.143904012471123495e-172 1.059432063344185168e-171 2.300586415506162510e-171 4.243322131644377178e-171 6.647762064222541160e-171 8.846000186263624808e-171 9.998168103624640918e-171 9.598335754613333149e-171 7.826605682595745295e-171 5.420670174345720915e-171 3.188853187774602910e-171 1.593375298537236338e-171 6.762443477868043739e-172 2.437761585742587090e-172 7.464157985474529667e-173 1.941209597897076679e-173 4.288111305811270372e-174 8.045660123334829925e-175 1.282210497771118900e-175 1.735637348277297861e-176 1.995541015636750790e-177 1.948786862086148032e-178 1.616478902064298129e-179 1.138879435752361561e-180 6.815339184603509412e-182 3.464170116826339169e-183 1.495591403968123760e-184 5.484394954780581303e-186 1.708230602639722558e-187 4.519249161507914799e-189 1.015519079426023390e-190 1.938259411362998979e-192
0.000000000000000000e+00 0.000000000000000000e+00 0.000000000000000000e+00 0.000000000000000000e+00 0.000000000000000000e+00 0.000000000000000000e+00 0.000000000000000000e+00 0.000000000000000000e+00 1.941677988156098919e-321 8.913886928228352755e-317 3.473055947597050855e-312 1.149366285215111791e-307 3.230778178236120907e-303 7.713612909681910002e-299 1.564265813596486404e-294 2.694419917041083340e-290 3.942049007452759633e-286 4.898699180062326365e-282 5.170607073419348256e-278 4.635582490966376647e-274 3.529954476662931571e-270 2.283157693236588078e-266 1.254309539083518489e-262 5.852959982357818541e-259 2.319788533389025500e-255 7.809500426845357641e-252 2.233058607805453846e-248 5.423491988898082866e-245 1.118819165887286202e-241 1.960391472986387905e-238 2.917613267135115743e-235 3.688201655587069595e-232 3.960076765146796027e-229 3.611557751167510592e-226 2.797612347231451562e-223 1.840697918331789414e-220 1.028678159667218051e-217 4.882907870991797997e-215 1.968700058566351644e-212 6.741904418434746997e-210 1.961045367977613030e-207 4.845010290876651517e-205 1.016725648879197666e-202 1.812236479680368511e-200 2.743645332907527292e-198 3.528117859786911737e-196 3.853543025046297696e-194 3.575027219873005676e-192 2.817088601067349276e-190 1.885487566063197423e-188 1.071886625870700813e-186 5.175782818152355278e-185 2.122781283715084619e-183 7.394970879265485817e-182 2.188112763077478846e-180 5.499268740969522198e-179 1.173929998391084236e-177 2.128538307999558483e-176 3.278104196446257730e-175 4.288111305811201244e-174 4.764434477026947518e-173 4.496335203378203210e-172 3.604192805541415771e-171 2.453914140524752164e-170 1.419099097888632143e-169 6.970566867641303229e-169 2.908208130964059868e-168 1.030587531686178668e-167 3.102032163652357954e-167 7.930667133716928339e-167 1.722166593310185554e-166 3.176454303353742985e-166 4.976363274213271730e-166 6.621914266083818717e-166 7.484400927653692920e-166 7.185095537623162238e-166 5.858818758004593882e-166 4.057790233259809372e-166 2.387102868182350842e-166 1.192764458336045436e-166 5.062211168525217588e-167 1.824852801496298295e-167 5.587498666919454568e-168 1.453145292686567477e-168 3.209982459032782652e-169 6.022797923235861984e-170 9.598335754613300053e-171 1.299258588661622729e-171 1.493816554573446548e-172 1.458817460081432793e-173 1.210059289736949557e-174 8.525392068913644826e-176 5.101807689853588652e-177 2.593198850750052748e-178 1.119565661952802164e-179 4.105493152520418215e-181 1.278742523083622144e-182 3.383006993493720988e-184 7.601944537570558963e-186 1.450936850239555948e-187
0.000000000000000000e+00 0.000000000000000000e+00 0.000000000000000000e+00 0.000000000000000000e+00 0.000000000000000000e+00 0.000000000000000000e+00 0.000000000000000000e+00 2.287523940244971500e-321 1.235557884922851834e-316 5.667685465300922688e-312 2.208260996888414812e-307 7.307975388465195953e-303 2.054214371506567982e-298 4.904519475230005293e-294 9.946016525655356449e-290 1.713183577178046023e-285 2.506459211233670045e-281 3.114722739295417770e-277 3.287608982623030168e-273 2.947426176577139629e-269 2.244438589307253986e-265 1.451692158086505525e-261 7.975232403327291834e-258 3.721467042400439797e-254 1.474983016861148793e-250 4.965487299369754454e-247 1.419837832096177479e-243 3.448399912564638449e-240 7.113748709722414946e-237 1.246468842929410706e-233 1.855095823111987957e-230 2.345056338735601796e-227 2.517921737256222753e-224 2.296324113475558471e-221 1.778796058578262212e-218 1.170364509365284314e-215 6.540608307553356265e-213 3.104682206566770664e-210 1.251751661793370155e-207 4.286681469178882040e-205 1.246884606691057929e-202 3.080585920959084248e-200 6.464611076911717179e-198 1.152267972529251345e-195 1.744482400909560574e-193 2.243270819632725952e-191 2.450184762480607331e-189 2.273097033730668328e-187 1.791179576828547576e-185 1.198842954182194483e-183 6.815339184602951561e-182 3.290899858265751299e-180 1.349720587426225411e-178 4.701918429247697721e-177 1.391260073090105334e-175 3.496580779384850194e-174 7.464157985474058520e-173 1.353381056009907400e-171 2.084305507879947944e-170 2.726494790127118365e-169 3.029353683499728035e-168 2.858889061499464109e-167 2.291641285897854875e-166 1.560263631798221928e-165 9.023008082425465771e-165 4.432071113243039978e-164 1.849115788326960775e-163 6.552748600775353983e-163 1.972354244056855001e-162 5.042528302147479116e-162 1.094999152197361915e-161 2.019673812439082996e-161 3.164103628218597872e-161 4.210388550940493103e-161 4.758780423636889303e-161 4.568474125974023246e-161 3.725192207196374708e-161 2.580050549391845088e-161 1.517783254547645660e-161 7.583912472362500336e-162 3.218687994129926140e-162 1.160289764233930912e-162 3.552679704128195650e-163 9.239482810155657742e-164 2.040991902213849486e-164 3.829454505398979032e-165 6.102876199453816350e-166 8.261030370674323354e-167 9.498081469878397542e-168 9.275547953403854058e-169 7.693877593013144317e-170 5.420670174345403753e-171 3.243864511577749382e-172 1.648824541180168764e-173 7.118495129505692345e-175 2.610381329439845906e-176 8.130583789596729263e-178 2.151005485847419274e-179 4.833517765369776964e-181 9.225440947907554938e-183
0.000000000000000000e+00 0.000000000000000000e+00 0.000000000000000000e+00 0.000000000000000000e+00 0.000000000000000000e+00 0.000000000000000000e+00 1.941677988156098919e-321 1.235557884922851834e-316 6.672732694301571780e-312 3.060880509379400030e-307 1.192589653462573625e-302 3.946732677126173369e-298 1.109395496684873368e-293 2.648726391312772684e-289 5.371428657381537183e-285 9.252189897405406361e-281 1.353634070590019056e-276 1.682131830215005189e-272 1.775500478807290027e-268 1.591781934963129214e-264 1.212127662088677154e-260 7.839983816162126583e-257 4.307090358236395988e-253 2.009809119810757135e-249 7.965768029323687542e-246 2.681652570041483503e-242 7.667951888561093180e-239 1.862336953159364700e-235 3.841838949518148587e-232 6.731658293723858895e-229 1.001859874327521148e-225 1.266467111588541060e-222 1.359824502770048582e-219 1.240148869443601727e-216 9.606535541177411417e-214 6.320650532774720781e-211 3.532309725132387645e-208 1.676709357298846377e-205 6.760188594839316355e-203 2.315057855496238397e-200 6.733903660377184023e-198 1.663695958546118410e-195 3.491266790858433166e-193 6.222918685748635007e-191 9.421221789017624327e-189 1.211496998397459606e-186 1.323242588137637761e-184 1.227604892521064810e-182 9.673413757835520135e-181 6.474450734305283937e-179 3.680680412255745146e-177 1.777277743472957594e-175 7.289277897395572999e-174 2.539310017270187265e-172 7.513615332520789856e-171 1.888357429609208140e-169 4.031080383084001682e-168 7.309046561361812065e-167 1.125646464279007711e-165 1.472466108628878803e-164 1.636027564092809370e-163 1.543966732168784739e-162 1.237619869598932925e-161 8.426333058358696646e-161 4.872950297710455618e-160 2.393576737764158308e-159 9.986303069792688927e-159 3.538866191105819456e-158 1.065186256397961496e-157 2.723259202108326845e-157 5.913633675099734689e-157 1.090741581487920413e-156 1.708800388547353725e-156 2.273855232684997279e-156 2.570018808612945050e-156 2.467242315299291631e-156 2.011820925933010872e-156 1.393377682688213507e-156 8.196914260238322656e-157 4.095754786254693212e-157 1.738279127753630025e-157 6.266241036696791488e-158 1.918654118865396725e-158 4.989859268566222297e-159 1.102254592555360459e-159 2.068128644204475275e-160 3.295908872224395979e-161 4.461437919199059323e-162 5.129517618018206731e-163 5.009336548085739963e-164 4.155142361054280262e-165 2.927477854233078184e-166 1.751875914664598107e-167 8.904613589414435719e-169 3.844402292860490273e-170 1.409758071834996223e-171 4.390989161945313440e-173 1.161668340190538526e-174 2.610381329439753674e-176 4.982275844480016339e-178
0.000000000000000000e+00 0.000000000000000000e+00 0.000000000000000000e+00 0.000000000000000000e+00 0.000000000000000000e+00 1.190698206477404171e-321 8.913886928228352755e-317 5.667685465300922688e-312 3.060880509379400030e-307 1.404070854014023140e-302 5.470583931958154350e-298 1.810424256535628991e-293 5.088960113589870959e-289 1.215009705509229677e-284 2.463953231475286032e-280 4.244115420691094681e-276 6.209318330760833026e-272 7.716185810510519569e-268 8.144481517466046688e-264 7.301737568582580188e-260 5.560207647661282641e-256 3.596315745905007058e-252 1.975725618518403500e-248 9.219289673708989169e-245 3.654014812253416962e-241 1.230113427377945439e-237 3.517402173563878725e-234 8.542813181604758850e-231 1.762307962792043704e-227 3.087910547450869450e-224 4.595678416844282575e-221 5.809470684987084119e-218 6.237714752545661567e-215 5.688745042116154090e-212 4.406658972829947124e-209 2.899375249795864710e-206 1.620322360579257786e-203 7.691312130682348611e-201 3.100997815682904982e-198 1.061951046536449968e-195 3.088940530119205216e-193 7.631617758934161309e-191 1.601495363706728237e-188 2.854544215883303607e-186 4.321652832453598548e-184 5.557314700665115117e-182 6.069908136240305440e-180 5.631203977261160221e-178 4.437336993252614588e-176 2.969925661564251645e-174 1.688382174329444894e-172 8.152634091567799877e-171 3.343698851091983344e-169 1.164818807408395523e-167 3.446605728102821911e-166 8.662172929490477488e-165 1.849115788327029564e-163 3.352767027655144960e-162 5.163505689212739119e-161 6.754418345681955534e-160 7.504698769087246115e-159 7.082402209307411436e-158 5.677144148318358013e-157 3.865282756776116214e-156 2.235293885242658705e-155 1.097968811275818288e-154 4.580863916994121180e-154 1.623329907835813776e-153 4.886165834052506908e-153 1.249199000708798833e-152 2.712670638099117676e-152 5.003391864319658812e-152 7.838518405194574293e-152 1.043050798186041016e-151 1.178905381109734335e-151 1.131760293839167943e-151 9.228518123926265446e-152 6.391628117795374529e-152 3.760044983914131615e-152 1.878782887128978941e-152 7.973741712363155593e-153 2.874416814668941103e-153 8.801148293694939483e-154 2.288921747568012122e-154 5.056203737348348343e-155 9.486809899246254871e-156 1.511881816619746772e-156 2.046527112099009390e-157 2.352985084044023315e-158 2.297856261805022844e-159 1.906024840093547729e-160 1.342877096412223800e-161 8.036112171292962804e-163 4.084677062316605019e-164 1.763483806038712079e-165 6.466767369092278336e-167 2.014211232253850494e-168 5.328743325635680495e-170 1.197420262338778680e-171 2.285443119539102796e-173
0.000000000000000000e+00 0.000000000000000000e+00 0.000000000000000000e+00 0.000000000000000000e+00 5.286502410501338023e-322 4.639542715832413482e-317 3.473055947597050855e-312 2.208260996888414812e-307 1.192589653462573625e-302 5.470583931958154350e-298 2.131465692848848432e-293 7.053830523948887942e-289 1.982776250086781188e-284 4.733958085612121562e-280 9.600130163424392992e-276 1.653605269237832683e-271 2.419293655413644717e-267 3.006403985262182979e-263 3.173277872423875146e-259 2.844925389902304792e-255 2.166385159886159514e-251 1.401207572791019806e-247 7.697882761204952882e-244 3.592047923284961062e-240 1.423688460016348328e-236 4.792805670070944202e-233 1.370461024664291083e-229 3.328477077307137151e-226 6.866358344274679528e-223 1.203121179811921213e-219 1.790582322235436723e-216 2.263503789115393292e-213 2.430357556376839192e-210 2.216466293808305814e-207 1.716935986632336218e-204 1.129663478798485428e-201 6.313149685456588625e-199 2.996712625826321723e-196 1.208220281406311690e-193 4.137606243374401255e-191 1.203522484818679781e-188 2.973454321590436554e-186 6.239795362714655155e-184 1.112196273844120894e-181 1.683815633458479028e-179 2.165258001003258828e-177 2.364976227777080510e-175 2.194046967609519426e-173 1.728888851055718845e-171 1.157151546648465475e-169 6.578326419557587242e-168 3.176454303353813475e-166 1.302782203319495451e-164 4.538402768801713366e-163 1.342877096412252624e-161 3.374982388420137537e-160 7.204581656995889284e-159 1.306315374089102268e-157 2.011820925933101440e-156 2.631677195347724512e-155 2.924003755436176277e-154 2.759467274399749965e-153 2.211946317980508921e-152 1.506003324635862880e-151 8.709220604397413854e-151 4.277939763214183540e-150 1.784810251359625895e-149 6.324867783335541700e-149 1.903762920812228072e-148 4.867167466341755267e-148 1.056919055263823147e-147 1.949436886321401458e-147 3.054067586064102195e-147 4.063966515977330391e-147 4.593287309369292496e-147 4.409599174147486272e-147 3.595643540367331149e-147 2.490325753882082844e-147 1.465000260751446821e-147 7.320171517400568369e-148 3.106753705807122651e-148 1.119939096743133461e-148 3.429130396135093325e-149 8.918167126649924582e-150 1.970013610293799806e-150 3.696279974189948392e-151 5.890640311615702561e-152 7.973741712363576371e-153 9.167772663401416434e-154 8.952978055090687968e-155 7.426312450201129575e-156 5.232158936442079695e-157 3.131054675339736488e-158 1.591484406963131773e-159 6.870939700801906655e-161 2.519601739465649332e-162 7.847831590005712308e-164 2.076201320710604756e-165 4.665425557566781446e-167 8.904613589415100565e-169
0.000000000000000000e+00 0.000000000000000000e+00 0.000000000000000000e+00 1.679823195860238250e-322 1.742156988067799120e-317 1.535401088648726366e-312 1.149366285215111791e-307 7.307975388465195953e-303 3.946732677126173369e-298 1.810424256535628991e-293 7.053830523948887942e-289 2.334380760972515333e-284 6.561760614748432130e-280 1.566646751829912532e-275 3.177048141466265919e-271 5.472408663130993900e-267 8.006362706285803132e-263 9.949334052015551858e-259 1.050158320285122567e-254 9.414939973454759610e-251 7.169392319428032469e-247 4.637128704676054544e-243 2.547522138073562071e-239 1.188745254955951109e-235 4.711526509457761206e-232 1.586121655362678298e-228 4.535376684735021497e-225 1.101519639042026618e-221 2.272339087591899514e-218 3.981585502708136984e-215 5.925717820654263152e-212 7.490794795479907482e-209 8.042977361914541245e-206 7.335129836254704201e-203 5.681994090172914871e-200 3.738486035817290341e-197 2.089261305163777830e-194 9.917261658246049438e-192 3.998460368952478677e-189 1.369291249374359512e-186 3.982913573582363946e-184 9.840291084942989901e-182 2.064985570275965805e-179 3.680680412255744708e-177 5.572386246628661574e-175 7.165662122052480809e-173 7.826605682595179918e-171 7.260935760320037161e-169 5.721550663943327301e-167 3.829454505399088443e-165 2.177018370525812334e-163 1.051209522072042499e-161 4.311401728239835145e-160 1.501930060988219068e-158 4.444090976629354065e-157 1.116910014977009393e-155 2.384270043609082133e-154 4.323094333898276046e-153 6.657880492131559564e-152 8.709220604396747732e-151 9.676640356650356726e-150 9.132126571543806806e-149 7.320171517399939051e-148 4.983937698892293016e-147 2.882212289187408846e-146 1.415732947643309429e-145 5.906615843143299055e-145 2.093139269363647096e-144 6.300275461266681430e-144 1.610730801553046217e-143 3.497747075346367201e-143 6.451427981872248960e-143 1.010707103241636088e-142 1.344921063232894361e-142 1.520093442592126383e-142 1.459304053419128119e-142 1.189935181381375071e-142 8.241434931955607492e-143 4.848242967997165610e-143 2.422523124027737359e-143 1.028142943793919236e-143 3.706304357642164379e-144 1.134829649851370075e-144 2.951360639145967414e-145 6.519524186341474505e-146 1.223239604300354521e-146 1.949436886321268092e-147 2.638814355279575240e-148 3.033964603169007870e-149 2.962880899144816093e-150 2.457649194981678672e-151 1.731520358777095769e-152 1.036185058721023484e-153 5.266827106759969654e-155 2.273855232684981235e-156 8.338320301220942342e-158 2.597145907725302218e-159 6.870939700801466802e-161 1.543966732168724279e-162 2.946875258265794280e-164
0.000000000000000000e+00 0.000000000000000000e+00 3.952525166729972353e-323 4.719581844524341263e-318 4.897065747756669966e-313 4.315891631643699015e-308 3.230778178236120907e-303 2.054214371506567982e-298 1.109395496684873368e-293 5.088960113589870959e-289 1.982776250086781188e-284 6.561760614748432130e-280 1.844459270959981421e-275 4.403720731959080939e-271 8.930432307516134295e-267 1.538251010027230801e-262 2.250525550579424399e-258 2.796679505630133025e-254 2.951912395999402749e-250 2.646465535566648750e-246 2.015259761381174973e-242 1.303460386950173188e-238 7.160884252595856549e-235 3.341469363245356997e-231 1.324373024399985289e-227 4.458463153210054321e-224 1.274858694883365434e-220 3.096285021140550775e-217 6.387366353251687547e-214 1.119192351681277226e-210 1.665672646885726324e-207 2.105603468119111819e-204 2.260817642137235531e-201 2.061847273087979279e-198 1.597163824233940201e-195 1.050859004612132026e-192 5.872749114172035853e-190 2.787664208135573557e-187 1.123935743785620152e-184 3.848969945469034441e-182 1.119565661952754389e-179 2.766028385700839109e-177 5.804511933783966861e-175 1.034610298730958686e-172 1.566353921973755504e-170 2.014211232253735882e-168 2.199997265819823139e-166 2.040991902213823651e-164 1.608282865829920035e-162 1.076429525534224776e-160 6.119427318853007438e-159 2.954867241497996805e-157 1.211901097185899880e-155 4.221807206890033624e-154 1.249199000708724853e-152 3.139546156746495610e-151 6.701995462197352893e-150 1.215187796621401580e-148 1.871477812075968625e-147 2.448093374590614468e-146 2.720027453828947878e-145 2.566968913892590975e-144 2.057642607372556376e-143 1.400945666007244034e-142 8.101671928899403706e-142 3.979513904568607609e-141 1.660303231330611931e-140 5.883649766361058773e-140 1.770957852076491755e-139 4.527637526531770621e-139 9.831891773215969622e-139 1.813445636122328390e-138 2.841018129507934462e-138 3.780467270039798205e-138 4.272863043209346058e-138 4.101988854071573656e-138 3.344814152785835293e-138 2.316602503311795555e-138 1.362802945003769669e-138 6.809521860923910647e-139 2.890028905185053321e-139 1.041812988131167097e-139 3.189916840190728458e-140 8.296042498996066878e-141 1.832586943314813498e-141 3.438430264715940310e-142 5.479713676303435455e-143 7.417499490911097690e-144 8.528235741336992507e-145 8.328425043264730234e-146 6.908258482125504355e-147 4.867167466341363506e-148 2.912634657370043605e-149 1.480463652357607088e-150 6.391628117795137961e-152 2.343836218171824231e-153 7.300372763939003123e-155 1.931367078961342977e-156 4.339968981498069043e-158 8.283434446319433072e-160
0.000000000000000000e+00 4.940656458412465442e-324 9.224106794726904730e-319 1.126818715025453022e-313 1.169194153467869855e-308 1.030436494554095725e-303 7.713612909681910002e-299 4.904519475230005293e-294 2.648726391312772684e-289 1.215009705509229677e-284 4.733958085612121562e-280 1.566646751829912532e-275 4.403720731959080939e-271 1.051406045685840414e-266 2.132176650205860813e-262 3.672636186912519932e-258 5.373220314988057944e-254 6.677184860351248255e-250 7.047809632805720824e-246 6.318542962092277847e-242 4.811513775990416755e-238 3.112064126150294460e-234 1.709689931288261682e-230 7.977892568194829475e-227 3.161993889603271009e-223 1.064476019047468691e-219 3.043776435385424951e-216 7.392505085002141568e-213 1.525009420120864073e-209 2.672116776850104505e-206 3.976860472462543909e-203 5.027213011331523407e-200 5.397793097744473231e-197 4.922743334909797033e-194 3.813292901530626782e-191 2.508968160933023238e-188 1.402142483428946227e-185 6.655660474800079806e-183 2.683441816377181814e-180 9.189570630490302137e-178 2.673008070145565522e-175 6.604004078094049328e-173 1.385850582019327812e-170 2.470173721780573787e-168 3.739733020068895074e-166 4.809010370504989928e-164 5.252582001825210961e-162 4.872950297710653986e-160 3.839840060780310857e-158 2.570018808613091510e-156 1.461037897449699164e-154 7.054864445339001373e-153 2.893462637417759047e-151 1.007973459540776043e-149 2.982512882976495049e-148 7.495792787124638662e-147 1.600128385974781016e-145 2.901309764579478900e-144 4.468228586121582743e-143 5.844921445104798104e-142 6.494175002134973583e-141 6.128741578836712575e-140 4.912704526315054656e-139 3.344814152786016083e-138 1.934306774811906634e-137 9.501249586035687378e-137 3.964040776755056866e-136 1.404745058004187075e-135 4.228233136617835737e-135 1.080991679041336143e-134 2.347403725187949388e-134 4.329674430770279002e-134 6.783045109081808418e-134 9.026017736299591571e-134 1.020163245914852312e-133 9.793663456465659528e-134 7.985878387819774179e-134 5.530981698626947553e-134 3.253746871496085891e-134 1.625800746365726184e-134 6.900060308244429154e-135 2.487370432565654457e-135 7.616054820805037946e-136 1.980713530585477244e-136 4.375375071954116039e-137 8.209390622241430246e-138 1.308303691031229922e-138 1.770957852076628615e-139 2.036150601558876733e-140 1.988444993339614290e-141 1.649374512001805770e-142 1.162055818466986073e-143 6.954032451259958222e-145 3.534666545065991971e-146 1.526026933555300180e-147 5.596003288762115769e-149 1.742993374684559524e-150 4.611216620803253780e-152 1.036185058721041899e-153 1.977703307273100817e-155
0.000000000000000000e+00 1.300627812677081528e-319 1.870579600836513545e-314 2.285108177805664015e-309 2.371042551838517667e-304 2.089651892552181004e-299 1.564265813596486404e-294 9.946016525655356449e-290 5.371428657381537183e-285 2.463953231475286032e-280 9.600130163424392992e-276 3.177048141466265919e-271 8.930432307516134295e-267 2.132176650205860813e-262 4.323902536357947536e-258 7.447844868846963496e-254 1.089650847932498922e-249 1.354085579664148353e-245 1.429245646420261437e-241 1.281355554533422505e-237 9.757407585209930378e-234 6.311044615872067596e-230 3.467129531490373094e-226 1.617859847920119754e-222 6.412298623514086102e-219 2.158681626218527795e-215 6.172562037858778440e-212 1.499147431522319035e-208 3.092610595371504115e-205 5.418862694960691149e-202 8.064790073543969232e-199 1.019483028688515726e-195 1.094634033433361598e-192 9.982973216408005796e-190 7.733086677978625696e-187 5.088008910355628092e-184 2.843445190082302917e-181 1.349720587426321576e-178 5.441829069313752511e-176 1.863579537529460433e-173 5.420670174345905697e-171 1.339245037723872643e-168 2.810406373237393834e-166 5.009336548085989052e-164 7.583912472363034358e-162 9.752330857009702444e-160 1.065186256398002252e-157 9.881996479880312214e-156 7.786922428033259670e-154 5.211815279928549873e-152 2.962880899144963698e-150 1.430676312205070509e-148 5.867736350822370712e-147 2.044098455852172106e-145 6.048323912644483876e-144 1.520093442592224165e-142 3.244946513201285304e-141 5.883649766361561279e-140 9.061249645845639885e-139 1.185308480836309246e-137 1.316972482583591900e-136 1.242865184498474969e-135 9.962615226866836109e-135 6.783045109081863163e-134 3.922636508047326545e-133 1.926785812032183462e-132 8.038792642805954226e-132 2.848723026140519479e-131 8.574555950591343290e-131 2.192174209551252128e-130 4.760367730420598987e-130 8.780271677304151342e-130 1.375553284881788717e-129 1.830412174311613590e-129 2.068818475281819682e-129 1.986085264349904314e-129 1.619479315318745681e-129 1.121643734018634138e-129 6.598367142314553087e-130 3.297008233414751169e-130 1.399283134676496414e-130 5.044210253964648072e-131 1.544481727325012839e-131 4.016746106787240148e-132 8.872949325898090340e-133 1.664806006108156475e-133 2.653146795989075455e-134 3.591376515467343104e-135 4.129168542220530262e-136 4.032424963137693940e-137 3.344814152786165250e-138 2.356566516368982156e-139 1.410228301253336472e-140 7.168052252103410538e-142 3.094674040217648856e-143 1.134829649851467947e-144 3.534666545066055542e-146 9.351219206186346144e-148 2.101309571656524956e-149 4.010641588095445713e-151
